0 1.1875 0 1.75 .25 1.75
0 1 0 1.25 .125 1.25
0 .875 0 1.125 .125 1.125
0 .75 0 1 .125 1
0 .625 0 .875 .125 .875
0 .5 0 .75 .125 .75
0 .375 0 .625 .125 .625
0 .25 0 .5 .125 .5
0 .125 0 .375 .125 .375
0 0 0 .25 .125 .25
0 -.125 0 .375 .125 .375
0 -.25 0 .5 .125 .5
0 -.375 0 .625 .125 .625
0 -.5 0 .75 .125 .75
0 -.625 0 .875 .125 .875
0 -.75 0 1 .125 1
0 -.875 0 1.125 .125 1.125
0 -1 0 1.25 .125 1.25
0 -1.1875 0 1.75 .25 1.75
0.825 0 0.825 .1 2.125 .1
0.825 0 -0.825 .1 2.125 .1
-0.825 0 0.825 .1 2.125 .1
-0.825 0 -0.825 .1 2.125 .1